System Num, Configuration
351,722,
352,719,
353,738,
354,725,
355,749,
356,705,
357,749,
358,723,
359,723,
360,704,
361,703,
362,731,
363,740,
364,716,
365,732,
366,749,
367,716,
368,739,
369,736,
370,711,
371,707,
372,716,
373,731,
374,706,
375,725,
