Observable Num, Coverable Configurations
96,951-953-954-956-958-959-961-965-968-969-970-972-979-981-985-986-990-993-995-996-997-998-999-1000-,
97,951-952-953-954-955-959-961-962-963-965-966-968-971-972-973-974-975-977-979-981-984-985-986-988-991-992-997-999-1000-,
98,952-953-954-955-957-958-960-962-965-966-967-972-974-978-980-981-982-983-990-991-992-996-998-999-1000-976-,
99,951-952-953-954-955-957-958-959-960-961-962-965-966-971-972-973-978-979-980-982-983-984-987-988-989-991-992-994-996-997-1000-,
100,951-953-957-958-959-960-961-965-966-967-971-972-973-979-982-984-985-989-991-992-994-998-999-964-,
