System Num, Configuration
176,281,
177,282,
178,279,
179,278,
180,261,
181,291,
182,300,
183,269,
184,273,
185,277,
186,290,
187,268,
188,283,
189,294,
190,262,
191,288,
192,283,
193,273,
194,297,
195,290,
196,278,
197,276,
198,300,
199,292,
200,253,
201,285,
202,286,
203,279,
204,258,
205,295,
206,264,
207,279,
208,285,
209,251,
210,251,
